id: 0
shiftX: 2560
is_moving: false

ax: 0.145559
bx: 396.818
ay: 0.126756
by: 507.204
az: 0.401951
bz: 285.548

a2x: 0.169626
b2x: 329.148
a2y: 0.169649
b2y: 629.982
a2z: 0.273253
b2z: 688.84